%YAML:1.0

#--------------------------------------------------------------------------------------------
# Camera Parameters. Adjust them!
#--------------------------------------------------------------------------------------------

# Camera calibration and distortion parameters (OpenCV) 
Camera.fx: 279.432937060685
Camera.fy: 279.432937060685
Camera.cx: 329.12500762939453
Camera.cy: 194.03069305419922

Camera.k1: 0.0
Camera.k2: 0.0
Camera.p1: 0.0
Camera.p2: 0.0

Camera.width: 672
Camera.height: 376

# Camera frames per second 
Camera.fps: 15.0

# stereo baseline times fx
Camera.bf: 33.24786062109746

# Color order of the images (0: BGR, 1: RGB. It is ignored if images are grayscale)
Camera.RGB: 0

# Close/Far threshold. Baseline times.
ThDepth: 10000000

#--------------------------------------------------------------------------------------------
# Stereo Rectification. Only if you need to pre-rectify the images.
# Camera.fx, .fy, etc must be the same as in LEFT.P
#--------------------------------------------------------------------------------------------
LEFT.height: 376
LEFT.width: 672
LEFT.D: !!opencv-matrix
   rows: 1
   cols: 5
   dt: d
   data:[-0.1754419005129358, 0.026835506945626218, 0.00295551795749725, 0.0005392680274165596, 0.0]
LEFT.K: !!opencv-matrix
   rows: 3
   cols: 3
   dt: d
   data: [354.57962540811184, 0.0, 330.2183813317979, 0.0, 353.08984763520596, 181.34015968024195, 0.0, 0.0, 1.0]
LEFT.R:  !!opencv-matrix
   rows: 3
   cols: 3
   dt: d
   data: [0.999994619600975, -0.0006670533419378753, 0.0032118233046316436, 0.0006695357906494153, 0.9999994779488147, -0.000771896316412278, -0.0032113067318779876, 0.0007740425939577822, 0.9999945441686852]
LEFT.P:  !!opencv-matrix
   rows: 3
   cols: 4
   dt: d
   data: [279.432937060685, 0.0, 329.12500762939453, 0.0, 0.0, 279.432937060685, 194.03069305419922, 0.0, 0.0, 0.0, 1.0, 0.0]

RIGHT.height: 376
RIGHT.width: 672
RIGHT.D: !!opencv-matrix
   rows: 1
   cols: 5
   dt: d
   data:[-0.1771689373865328, 0.02803729512231533, 0.002997368118414364, 0.0005088900747159647, 0.0]
RIGHT.K: !!opencv-matrix
   rows: 3
   cols: 3
   dt: d
   data: [354.5232356767637, 0.0, 324.4316707690572, 0.0, 354.1796892346424, 197.9043065273593, 0.0, 0.0, 1.0]
RIGHT.R:  !!opencv-matrix
   rows: 3
   cols: 3
   dt: d
   data: [0.9998836909963537, -0.001650484623015916, -0.015161806621165052, 0.0016622040998756735, 0.9999983294399584, 0.0007603912303307254, 0.015160526278423611, -0.0007855048071115672, 0.9998847640729202]
RIGHT.P:  !!opencv-matrix
   rows: 3
   cols: 4
   dt: d
   data: [279.432937060685, 0.0, 329.12500762939453, -33.24786062109746, 0.0, 279.432937060685, 194.03069305419922, 0.0, 0.0, 0.0, 1.0, 0.0]

#--------------------------------------------------------------------------------------------
# ORB Parameters
#--------------------------------------------------------------------------------------------

# ORB Extractor: Number of features per image
ORBextractor.nFeatures: 1200

# ORB Extractor: Scale factor between levels in the scale pyramid 	
ORBextractor.scaleFactor: 1.2

# ORB Extractor: Number of levels in the scale pyramid	
ORBextractor.nLevels: 8

# ORB Extractor: Fast threshold
# Image is divided in a grid. At each cell FAST are extracted imposing a minimum response.
# Firstly we impose iniThFAST. If no corners are detected we impose a lower value minThFAST
# You can lower these values if your images have low contrast			
ORBextractor.iniThFAST: 20
ORBextractor.minThFAST: 7

#--------------------------------------------------------------------------------------------
# Viewer Parameters
#--------------------------------------------------------------------------------------------
Viewer.KeyFrameSize: 0.05
Viewer.KeyFrameLineWidth: 1
Viewer.GraphLineWidth: 0.9
Viewer.PointSize:2
Viewer.CameraSize: 0.08
Viewer.CameraLineWidth: 3
Viewer.ViewpointX: 0
Viewer.ViewpointY: -0.7
Viewer.ViewpointZ: -1.8
Viewer.ViewpointF: 500

