R camara a eje Z
[[ 0.99843095  0.00273237 -0.05593014]
 [ 0.00273237  0.99524181  0.09739749]
 [ 0.05593014 -0.09739749  0.99367276]]


R camara a odom
[[ 0.05593014 -0.09739749  0.99367276]
 [-0.99843095 -0.00273237  0.05593014]
 [-0.00273237 -0.99524181 -0.09739749]]
