R camara a eje Z
[[ 0.99152242  0.00664515 -0.1297657 ]
 [ 0.00664515  0.9947912   0.10171678]
 [ 0.1297657  -0.10171678  0.98631362]]


R camara a odom
[[ 0.1297657  -0.10171678  0.98631362]
 [-0.99152242 -0.00664515  0.1297657 ]
 [-0.00664515 -0.9947912  -0.10171678]]

