R camara alineada al eje Z
[[ 0.99382729  0.00575443 -0.110789  ]
 [ 0.00575443  0.99463551  0.10328158]
 [ 0.110789   -0.10328158  0.9884628 ]]


R camara a odom
[[ 0.110789   -0.10328158  0.9884628 ]
 [-0.99382729 -0.00575443  0.110789  ]
 [-0.00575443 -0.99463551 -0.10328158]]

