R camara a eje Z
[[ 0.99910656  0.00677043 -0.0417161 ]
 [ 0.00677043  0.94869381  0.31612375]
 [ 0.0417161  -0.31612375  0.94780037]]

R camara a odom
[[ 0.0417161  -0.31612375  0.94780037]
 [-0.99910656 -0.00677043  0.0417161 ]
 [-0.00677043 -0.94869381 -0.31612375]]

