R camara a eje Z
[[ 0.99820222  0.00703384 -0.05952187]
 [ 0.00703384  0.97248004  0.23288002]
 [ 0.05952187 -0.23288002  0.97068226]]

R camara a odom
[[ 0.05952187 -0.23288002  0.97068226]
 [-0.99820222 -0.00703384  0.05952187]
 [-0.00703384 -0.97248004 -0.23288002]]

