R camara a eje Z
[[ 0.99726935  0.0029004  -0.07379323]
 [ 0.0029004   0.99691931  0.07838032]
 [ 0.07379323 -0.07838032  0.99418866]]


R camara a odom
[[ 0.07379323 -0.07838032  0.99418866]
 [-0.99726935 -0.0029004   0.07379323]
 [-0.0029004  -0.99691931 -0.07838032]]

